4.7123889804, 0.0000000000
4.7147352656, 0.0025577096
4.7170815508, 0.0051143851
4.7194278361, 0.0076700316
4.7217741213, 0.0102246545
4.7241204065, 0.0127782590
4.7264666917, 0.0153308502
4.7288129770, 0.0178824335
4.7311592622, 0.0204330138
4.7335055474, 0.0229825963
4.7358518326, 0.0255311861
4.7381981178, 0.0280787881
4.7405444031, 0.0306254073
4.7428906883, 0.0331710488
4.7452369735, 0.0357157176
4.7475832587, 0.0382594184
4.7499295440, 0.0408021563
4.7522758292, 0.0433439362
4.7546221144, 0.0458847628
4.7569683996, 0.0484246411
4.7593146849, 0.0509635758
4.7616609701, 0.0535015717
4.7640072553, 0.0560386335
4.7663535405, 0.0585747661
4.7686998258, 0.0611099741
4.7710461110, 0.0636442621
4.7733923962, 0.0661776349
4.7757386814, 0.0687100971
4.7780849667, 0.0712416533
4.7804312519, 0.0737723081
4.7827775371, 0.0763020659
4.7851238223, 0.0788309315
4.7874701076, 0.0813589092
4.7898163928, 0.0838860035
4.7921626780, 0.0864122190
4.7945089632, 0.0889375600
4.7968552485, 0.0914620309
4.7992015337, 0.0939856362
4.8015478189, 0.0965083802
4.8038941041, 0.0990302672
4.8062403893, 0.1015513015
4.8085866746, 0.1040714874
4.8109329598, 0.1065908292
4.8132792450, 0.1091093311
4.8156255302, 0.1116269973
4.8179718155, 0.1141438319
4.8203181007, 0.1166598393
4.8226643859, 0.1191750234
4.8250106711, 0.1216893954
4.8273569564, 0.1242029836
4.8297032416, 0.1267157931
4.8320495268, 0.1292278271
4.8343958120, 0.1317390885
4.8367420973, 0.1342495804
4.8390883825, 0.1367593060
4.8414346677, 0.1392682682
4.8437809529, 0.1417764702
4.8461272382, 0.1442839149
4.8484735234, 0.1467906054
4.8508198086, 0.1492965448
4.8531660938, 0.1518017359
4.8555123791, 0.1543061820
4.8578586643, 0.1568098859
4.8602049495, 0.1593128506
4.8625512347, 0.1618150792
4.8648975199, 0.1643165747
4.8672438052, 0.1668173399
4.8695900904, 0.1693173779
4.8719363756, 0.1718166917
4.8742826608, 0.1743152842
4.8766289461, 0.1768131583
4.8789752313, 0.1793103169
4.8813215165, 0.1818067631
4.8836678017, 0.1843024998
4.8860140870, 0.1867975297
4.8883603722, 0.1892918560
4.8907066574, 0.1917854814
4.8930529426, 0.1942784089
4.8953992279, 0.1967706414
4.8977455131, 0.1992621816
4.9000917983, 0.2017530326
4.9024380835, 0.2042431972
4.9047843688, 0.2067326782
4.9071306540, 0.2092214786
4.9094769392, 0.2117096010
4.9118232244, 0.2141970484
4.9141695097, 0.2166838237
4.9165157949, 0.2191699295
4.9188620801, 0.2216553689
4.9212083653, 0.2241401444
4.9235546505, 0.2266242590
4.9259009358, 0.2291077155
4.9282472210, 0.2315905167
4.9305935062, 0.2340726652
4.9329397914, 0.2365541639
4.9352860767, 0.2390350156
4.9376323619, 0.2415152230
4.9399786471, 0.2439947889
4.9423249323, 0.2464737160
4.9446712176, 0.2489520071
4.9470175028, 0.2514296648
4.9493637880, 0.2539066919
4.9517100732, 0.2563830911
4.9540563585, 0.2588588652
4.9564026437, 0.2613340168
4.9587489289, 0.2638085486
4.9610952141, 0.2662824633
4.9634414994, 0.2687557636
4.9657877846, 0.2712284521
4.9681340698, 0.2737005316
4.9704803550, 0.2761720046
4.9728266403, 0.2786428738
4.9751729255, 0.2811131419
4.9775192107, 0.2835828115
4.9798654959, 0.2860518853
4.9822117811, 0.2885203657
4.9845580664, 0.2909882556
4.9869043516, 0.2934555574
4.9892506368, 0.2959222737
4.9915969220, 0.2983884073
4.9939432073, 0.3008539605
4.9962894925, 0.3033189361
4.9986357777, 0.3057833366
5.0009820629, 0.3082471645
5.0033283482, 0.3107104224
5.0056746334, 0.3131731129
5.0080209186, 0.3156352384
5.0103672038, 0.3180968016
5.0127134891, 0.3205578050
5.0150597743, 0.3230182510
5.0174060595, 0.3254781421
5.0197523447, 0.3279374810
5.0220986300, 0.3303962701
5.0244449152, 0.3328545118
5.0267912004, 0.3353122087
5.0291374856, 0.3377693632
5.0314837709, 0.3402259778
5.0338300561, 0.3426820550
5.0361763413, 0.3451375971
5.0385226265, 0.3475926068
5.0408689117, 0.3500470863
5.0432151970, 0.3525010382
5.0455614822, 0.3549544648
5.0479077674, 0.3574073686
5.0502540526, 0.3598597519
5.0526003379, 0.3623116173
5.0549466231, 0.3647629670
5.0572929083, 0.3672138035
5.0596391935, 0.3696641291
5.0619854788, 0.3721139463
5.0643317640, 0.3745632573
5.0666780492, 0.3770120646
5.0690243344, 0.3794603705
5.0713706197, 0.3819081773
5.0737169049, 0.3843554874
5.0760631901, 0.3868023031
5.0784094753, 0.3892486267
5.0807557606, 0.3916944606
5.0831020458, 0.3941398071
5.0854483310, 0.3965846684
5.0877946162, 0.3990290468
5.0901409015, 0.4014729447
5.0924871867, 0.4039163643
5.0948334719, 0.4063593078
5.0971797571, 0.4088017777
5.0995260424, 0.4112437760
5.1018723276, 0.4136853051
5.1042186128, 0.4161263672
5.1065648980, 0.4185669646
5.1089111832, 0.4210070994
5.1112574685, 0.4234467738
5.1136037537, 0.4258859902
5.1159500389, 0.4283247507
5.1182963241, 0.4307630575
5.1206426094, 0.4332009128
5.1229888946, 0.4356383188
5.1253351798, 0.4380752776
5.1276814650, 0.4405117915
5.1300277503, 0.4429478626
5.1323740355, 0.4453834930
5.1347203207, 0.4478186849
5.1370666059, 0.4502534405
5.1394128912, 0.4526877618
5.1417591764, 0.4551216510
5.1441054616, 0.4575551102
5.1464517468, 0.4599881416
5.1487980321, 0.4624207472
5.1511443173, 0.4648529291
5.1534906025, 0.4672846895
5.1558368877, 0.4697160304
5.1581831730, 0.4721469538
5.1605294582, 0.4745774619
5.1628757434, 0.4770075567
5.1652220286, 0.4794372403
5.1675683138, 0.4818665147
5.1699145991, 0.4842953819
5.1722608843, 0.4867238441
5.1746071695, 0.4891519031
5.1769534547, 0.4915795611
5.1792997400, 0.4940068200
5.1816460252, 0.4964336818
5.1839923104, 0.4988601486
5.1863385956, 0.5012862223
5.1886848809, 0.5037119049
5.1910311661, 0.5061371984
5.1933774513, 0.5085621047
5.1957237365, 0.5109866259
5.1980700218, 0.5134107638
5.2004163070, 0.5158345204
5.2027625922, 0.5182578977
5.2051088774, 0.5206808975
5.2074551627, 0.5231035218
5.2098014479, 0.5255257726
5.2121477331, 0.5279476516
5.2144940183, 0.5303691609
5.2168403036, 0.5327903023
5.2191865888, 0.5352110777
5.2215328740, 0.5376314890
5.2238791592, 0.5400515381
5.2262254444, 0.5424712268
5.2285717297, 0.5448905569
5.2309180149, 0.5473095304
5.2332643001, 0.5497281491
5.2356105853, 0.5521464147
5.2379568706, 0.5545643293
5.2403031558, 0.5569818944
5.2426494410, 0.5593991121
5.2449957262, 0.5618159840
5.2473420115, 0.5642325120
5.2496882967, 0.5666486979
5.2520345819, 0.5690645435
5.2543808671, 0.5714800505
5.2567271524, 0.5738952207
5.2590734376, 0.5763100558
5.2614197228, 0.5787245577
5.2637660080, 0.5811387281
5.2661122933, 0.5835525687
5.2684585785, 0.5859660813
5.2708048637, 0.5883792675
5.2731511489, 0.5907921292
5.2754974342, 0.5932046679
5.2778437194, 0.5956168855
5.2801900046, 0.5980287836
5.2825362898, 0.6004403639
5.2848825750, 0.6028516281
5.2872288603, 0.6052625779
5.2895751455, 0.6076732149
5.2919214307, 0.6100835408
5.2942677159, 0.6124935573
5.2966140012, 0.6149032660
5.2989602864, 0.6173126685
5.3013065716, 0.6197217665
5.3036528568, 0.6221305616
5.3059991421, 0.6245390554
5.3083454273, 0.6269472495
5.3106917125, 0.6293551456
5.3130379977, 0.6317627452
5.3153842830, 0.6341700500
5.3177305682, 0.6365770614
5.3200768534, 0.6389837811
5.3224231386, 0.6413902107
5.3247694239, 0.6437963517
5.3271157091, 0.6462022056
5.3294619943, 0.6486077741
5.3318082795, 0.6510130585
5.3341545648, 0.6534180606
5.3365008500, 0.6558227818
5.3388471352, 0.6582272235
5.3411934204, 0.6606313874
5.3435397057, 0.6630352749
5.3458859909, 0.6654388876
5.3482322761, 0.6678422268
5.3505785613, 0.6702452942
5.3529248465, 0.6726480911
5.3552711318, 0.6750506190
5.3576174170, 0.6774528795
5.3599637022, 0.6798548738
5.3623099874, 0.6822566036
5.3646562727, 0.6846580701
5.3670025579, 0.6870592750
5.3693488431, 0.6894602195
5.3716951283, 0.6918609050
5.3740414136, 0.6942613331
5.3763876988, 0.6966615051
5.3787339840, 0.6990614223
5.3810802692, 0.7014610863
5.3834265545, 0.7038604983
5.3857728397, 0.7062596597
5.3881191249, 0.7086585719
5.3904654101, 0.7110572362
5.3928116954, 0.7134556541
5.3951579806, 0.7158538268
5.3975042658, 0.7182517556
5.3998505510, 0.7206494420
5.4021968363, 0.7230468871
5.4045431215, 0.7254440925
5.4068894067, 0.7278410592
5.4092356919, 0.7302377887
5.4115819771, 0.7326342823
5.4139282624, 0.7350305411
5.4162745476, 0.7374265666
5.4186208328, 0.7398223599
5.4209671180, 0.7422179223
5.4233134033, 0.7446132551
5.4256596885, 0.7470083596
5.4280059737, 0.7494032369
5.4303522589, 0.7517978883
5.4326985442, 0.7541923151
5.4350448294, 0.7565865184
5.4373911146, 0.7589804994
5.4397373998, 0.7613742595
5.4420836851, 0.7637677996
5.4444299703, 0.7661611212
5.4467762555, 0.7685542253
5.4491225407, 0.7709471131
5.4514688260, 0.7733397857
5.4538151112, 0.7757322445
5.4561613964, 0.7781244904
5.4585076816, 0.7805165246
5.4608539669, 0.7829083483
5.4632002521, 0.7852999627
5.4655465373, 0.7876913688
5.4678928225, 0.7900825677
5.4702391077, 0.7924735606
5.4725853930, 0.7948643485
5.4749316782, 0.7972549327
5.4772779634, 0.7996453140
5.4796242486, 0.8020354937
5.4819705339, 0.8044254728
5.4843168191, 0.8068152524
5.4866631043, 0.8092048335
5.4890093895, 0.8115942172
5.4913556748, 0.8139834046
5.4937019600, 0.8163723965
5.4960482452, 0.8187611942
5.4983945304, 0.8211497986
5.5007408157, 0.8235382108
5.5030871009, 0.8259264316
5.5054333861, 0.8283144623
5.5077796713, 0.8307023036
5.5101259566, 0.8330899567
5.5124722418, 0.8354774225
5.5148185270, 0.8378647020
5.5171648122, 0.8402517961
5.5195110975, 0.8426387058
5.5218573827, 0.8450254321
5.5242036679, 0.8474119758
5.5265499531, 0.8497983380
5.5288962383, 0.8521845195
5.5312425236, 0.8545705213
5.5335888088, 0.8569563443
5.5359350940, 0.8593419894
5.5382813792, 0.8617274575
5.5406276645, 0.8641127495
5.5429739497, 0.8664978663
5.5453202349, 0.8688828087
5.5476665201, 0.8712675777
5.5500128054, 0.8736521740
5.5523590906, 0.8760365986
5.5547053758, 0.8784208522
5.5570516610, 0.8808049358
5.5593979463, 0.8831888502
5.5617442315, 0.8855725962
5.5640905167, 0.8879561746
5.5664368019, 0.8903395862
5.5687830872, 0.8927228318
5.5711293724, 0.8951059123
5.5734756576, 0.8974888283
5.5758219428, 0.8998715808
5.5781682281, 0.9022541705
5.5805145133, 0.9046365981
5.5828607985, 0.9070188645
5.5852070837, 0.9094009702
5.5875533690, 0.9117829162
5.5898996542, 0.9141647032
5.5922459394, 0.9165463318
5.5945922246, 0.9189278029
5.5969385098, 0.9213091171
5.5992847951, 0.9236902751
5.6016310803, 0.9260712776
5.6039773655, 0.9284521254
5.6063236507, 0.9308328192
5.6086699360, 0.9332133595
5.6110162212, 0.9355937471
5.6133625064, 0.9379739827
5.6157087916, 0.9403540668
5.6180550769, 0.9427340003
5.6204013621, 0.9451137836
5.6227476473, 0.9474934175
5.6250939325, 0.9498729026
5.6274402178, 0.9522522394
5.6297865030, 0.9546314287
5.6321327882, 0.9570104710
5.6344790734, 0.9593893670
5.6368253587, 0.9617681171
5.6391716439, 0.9641467221
5.6415179291, 0.9665251825
5.6438642143, 0.9689034988
5.6462104996, 0.9712816716
5.6485567848, 0.9736597016
5.6509030700, 0.9760375892
5.6532493552, 0.9784153349
5.6555956404, 0.9807929394
5.6579419257, 0.9831704031
5.6602882109, 0.9855477266
5.6626344961, 0.9879249104
5.6649807813, 0.9903019550
5.6673270666, 0.9926788608
5.6696733518, 0.9950556285
5.6720196370, 0.9974322584
5.6743659222, 0.9998087510
5.6767122075, 1.0021851069
5.6790584927, 1.0045613265
5.6814047779, 1.0069374102
5.6837510631, 1.0093133585
5.6860973484, 1.0116891718
5.6884436336, 1.0140648506
5.6907899188, 1.0164403953
5.6931362040, 1.0188158063
5.6954824893, 1.0211910840
5.6978287745, 1.0235662289
5.7001750597, 1.0259412413
5.7025213449, 1.0283161216
5.7048676302, 1.0306908702
5.7072139154, 1.0330654875
5.7095602006, 1.0354399739
5.7119064858, 1.0378143297
5.7142527710, 1.0401885552
5.7165990563, 1.0425626509
5.7189453415, 1.0449366170
5.7212916267, 1.0473104539
5.7236379119, 1.0496841620
5.7259841972, 1.0520577415
5.7283304824, 1.0544311927
5.7306767676, 1.0568045160
5.7330230528, 1.0591777116
5.7353693381, 1.0615507798
5.7377156233, 1.0639237210
5.7400619085, 1.0662965354
5.7424081937, 1.0686692232
5.7447544790, 1.0710417848
5.7471007642, 1.0734142203
5.7494470494, 1.0757865301
5.7517933346, 1.0781587143
5.7541396199, 1.0805307733
5.7564859051, 1.0829027071
5.7588321903, 1.0852745161
5.7611784755, 1.0876462004
5.7635247608, 1.0900177603
5.7658710460, 1.0923891959
5.7682173312, 1.0947605074
5.7705636164, 1.0971316951
5.7729099016, 1.0995027590
5.7752561869, 1.1018736994
5.7776024721, 1.1042445164
5.7799487573, 1.1066152102
5.7822950425, 1.1089857809
5.7846413278, 1.1113562286
5.7869876130, 1.1137265535
5.7893338982, 1.1160967557
5.7916801834, 1.1184668353
5.7940264687, 1.1208367924
5.7963727539, 1.1232066271
5.7987190391, 1.1255763396
5.8010653243, 1.1279459298
5.8034116096, 1.1303153979
5.8057578948, 1.1326847440
5.8081041800, 1.1350539681
5.8104504652, 1.1374230703
5.8127967505, 1.1397920506
5.8151430357, 1.1421609090
5.8174893209, 1.1445296457
5.8198356061, 1.1468982606
5.8221818914, 1.1492667537
5.8245281766, 1.1516351269
5.8268744618, 1.1540033934
5.8292207470, 1.1563715565
5.8315670323, 1.1587396168
5.8339133175, 1.1611075746
5.8362596027, 1.1634754306
5.8386058879, 1.1658431850
5.8409521731, 1.1682108385
5.8432984584, 1.1705783915
5.8456447436, 1.1729458445
5.8479910288, 1.1753131980
5.8503373140, 1.1776804523
5.8526835993, 1.1800476081
5.8550298845, 1.1824146657
5.8573761697, 1.1847816257
5.8597224549, 1.1871484884
5.8620687402, 1.1895152544
5.8644150254, 1.1918819241
5.8667613106, 1.1942484979
5.8691075958, 1.1966149764
5.8714538811, 1.1989813599
5.8738001663, 1.2013476489
5.8761464515, 1.2037138439
5.8784927367, 1.2060799452
5.8808390220, 1.2084459534
5.8831853072, 1.2108118689
