3.0000000000e-02 -2.1223951606e+01
6.0000000000e-02 -2.1207538842e+01
9.0000000000e-02 -2.1179902326e+01
1.2000000000e-01 -2.1141367032e+01
1.5000000000e-01 -2.1092197192e+01
1.8000000000e-01 -2.1032918988e+01
2.1000000000e-01 -2.0963891079e+01
2.4000000000e-01 -2.0885621221e+01
2.7000000000e-01 -2.0798683034e+01
3.0000000000e-01 -2.0703673704e+01
3.3000000000e-01 -2.0601183617e+01
3.6000000000e-01 -2.0491939349e+01
3.9000000000e-01 -2.0376540679e+01
4.2000000000e-01 -2.0255671916e+01
4.5000000000e-01 -2.0130013269e+01
4.8000000000e-01 -2.0000194141e+01
5.1000000000e-01 -1.9866906073e+01
5.4000000000e-01 -1.9730711929e+01
5.7000000000e-01 -1.9592222423e+01
6.0000000000e-01 -1.9451991797e+01
6.3000000000e-01 -1.9310519486e+01
6.6000000000e-01 -1.9168308997e+01
6.9000000000e-01 -1.9025750649e+01
7.2000000000e-01 -1.8883250285e+01
7.5000000000e-01 -1.8741147720e+01
7.8000000000e-01 -1.8599726018e+01
8.1000000000e-01 -1.8459226142e+01
8.4000000000e-01 -1.8319857831e+01
8.7000000000e-01 -1.8181786510e+01
9.0000000000e-01 -1.8045124361e+01
9.3000000000e-01 -1.7909954234e+01
9.6000000000e-01 -1.7776328936e+01
9.9000000000e-01 -1.7644279882e+01
1.0200000000e+00 -1.7513803789e+01
1.0500000000e+00 -1.7384879630e+01
1.0800000000e+00 -1.7257475185e+01
1.1100000000e+00 -1.7131555429e+01
1.1400000000e+00 -1.7007076204e+01
1.1700000000e+00 -1.6883991263e+01
1.2000000000e+00 -1.6762268590e+01
1.2300000000e+00 -1.6641893442e+01
1.2600000000e+00 -1.6522863720e+01
1.2900000000e+00 -1.6405193595e+01
1.3200000000e+00 -1.6288948032e+01
1.3500000000e+00 -1.6174200062e+01
1.3800000000e+00 -1.6061078706e+01
1.4100000000e+00 -1.5949746892e+01
1.4400000000e+00 -1.5840405495e+01
1.4700000000e+00 -1.5733302997e+01
1.5000000000e+00 -1.5628731471e+01
1.5300000000e+00 -1.5527021704e+01
1.5600000000e+00 -1.5428538581e+01
1.5900000000e+00 -1.5333678062e+01
1.6200000000e+00 -1.5242863167e+01
1.6500000000e+00 -1.5156556400e+01
1.6800000000e+00 -1.5075215248e+01
1.7100000000e+00 -1.4999314574e+01
1.7400000000e+00 -1.4929315087e+01
1.7700000000e+00 -1.4865667243e+01
1.8000000000e+00 -1.4808792915e+01
1.8300000000e+00 -1.4759081283e+01
1.8600000000e+00 -1.4716872517e+01
1.8900000000e+00 -1.4682456628e+01
1.9200000000e+00 -1.4656060497e+01
1.9500000000e+00 -1.4637846819e+01
1.9800000000e+00 -1.4627914925e+01
2.0100000000e+00 -1.4626290776e+01
2.0400000000e+00 -1.4632659579e+01
2.0700000000e+00 -1.4647054992e+01
2.1000000000e+00 -1.4669320250e+01
2.1300000000e+00 -1.4699248420e+01
2.1600000000e+00 -1.4736607582e+01
2.1900000000e+00 -1.4781161939e+01
2.2200000000e+00 -1.4807735202e+01
2.2500000000e+00 -1.4829583698e+01
2.2800000000e+00 -1.4834684905e+01
2.3100000000e+00 -1.4851709714e+01
2.3400000000e+00 -1.4840165394e+01
2.3700000000e+00 -1.4835778844e+01
2.4000000000e+00 -1.4845320654e+01
2.4300000000e+00 -1.4816951031e+01
2.4600000000e+00 -1.4803814978e+01
2.4900000000e+00 -1.4806057013e+01
2.5200000000e+00 -1.4771995084e+01
2.5500000000e+00 -1.4750047332e+01
2.5800000000e+00 -1.4743970007e+01
2.6100000000e+00 -1.4713133189e+01
2.6400000000e+00 -1.4682391023e+01
2.6700000000e+00 -1.4667558367e+01
2.7000000000e+00 -1.4646284943e+01
2.7300000000e+00 -1.4607549833e+01
2.7600000000e+00 -1.4581192750e+01
2.7900000000e+00 -1.4566919838e+01
2.8200000000e+00 -1.4516372042e+01
2.8500000000e+00 -1.4478103370e+01
2.8800000000e+00 -1.4453467929e+01
2.9100000000e+00 -1.4415584534e+01
2.9400000000e+00 -1.4366969851e+01
2.9700000000e+00 -1.4330691732e+01
3.0000000000e+00 -1.4304810102e+01
3.0300000000e+00 -1.4248617396e+01
3.0600000000e+00 -1.4201504420e+01
3.0900000000e+00 -1.4165056160e+01
3.1200000000e+00 -1.4122493814e+01
3.1500000000e+00 -1.4065749370e+01
3.1800000000e+00 -1.4017954589e+01
3.2100000000e+00 -1.3978872508e+01
3.2400000000e+00 -1.3877695046e+01
3.2700000000e+00 -1.3759616910e+01
3.3000000000e+00 -1.3647298886e+01
3.3300000000e+00 -1.3505443029e+01
3.3600000000e+00 -1.3331659872e+01
3.3900000000e+00 -1.3170483976e+01
3.4200000000e+00 -1.3025028418e+01
3.4500000000e+00 -1.2890072514e+01
3.4800000000e+00 -1.2756171636e+01
3.5100000000e+00 -1.2639127055e+01
3.5400000000e+00 -1.2538534097e+01
3.5700000000e+00 -1.2444464561e+01
3.6000000000e+00 -1.2353424391e+01
3.6300000000e+00 -1.2272904889e+01
3.6600000000e+00 -1.2200532869e+01
3.6900000000e+00 -1.2125637725e+01
3.7200000000e+00 -1.2048691447e+01
3.7500000000e+00 -1.1972098685e+01
3.7800000000e+00 -1.1893659988e+01
3.8100000000e+00 -1.1812711109e+01
3.8400000000e+00 -1.1727996382e+01
3.8700000000e+00 -1.1636262528e+01
3.9000000000e+00 -1.1534600834e+01
3.9300000000e+00 -1.1425099425e+01
3.9600000000e+00 -1.1289372707e+01
3.9900000000e+00 -1.1153373272e+01
4.0200000000e+00 -1.1033067692e+01
4.0500000000e+00 -1.0922565260e+01
4.0800000000e+00 -1.0799975027e+01
4.1100000000e+00 -1.0656652036e+01
4.1400000000e+00 -1.0574279584e+01
4.1700000000e+00 -1.0504478537e+01
4.2000000000e+00 -1.0411117986e+01
4.2300000000e+00 -1.0323163628e+01
4.2600000000e+00 -1.0396278105e+01
4.2900000000e+00 -1.0612940477e+01
4.3200000000e+00 -1.0806456162e+01
4.3500000000e+00 -1.0958711902e+01
4.3800000000e+00 -1.1104642161e+01
4.4100000000e+00 -1.1277917635e+01
4.4400000000e+00 -1.1540512839e+01
4.4700000000e+00 -1.1872597296e+01
4.5000000000e+00 -1.2278818313e+01
4.5300000000e+00 -1.2611800625e+01
4.5600000000e+00 -1.2940593087e+01
4.5900000000e+00 -1.3273435467e+01
4.6200000000e+00 -1.3669935837e+01
4.6500000000e+00 -1.4006341858e+01
4.6800000000e+00 -1.4282077267e+01
4.7100000000e+00 -1.4500064229e+01
4.7400000000e+00 -1.4679310700e+01
4.7700000000e+00 -1.4899809579e+01
4.8000000000e+00 -1.5139952631e+01
4.8300000000e+00 -1.5339660335e+01
4.8600000000e+00 -1.5484253106e+01
4.8900000000e+00 -1.5579143237e+01
4.9200000000e+00 -1.5688085142e+01
4.9500000000e+00 -1.5778163630e+01
4.9800000000e+00 -1.5817838956e+01
5.0100000000e+00 -1.5828838453e+01
5.0400000000e+00 -1.5813509854e+01
5.0700000000e+00 -1.5783238985e+01
5.1000000000e+00 -1.5783309101e+01
5.1300000000e+00 -1.5726451818e+01
5.1600000000e+00 -1.5596877205e+01
5.1900000000e+00 -1.5391091389e+01
5.2200000000e+00 -1.5181004528e+01
5.2500000000e+00 -1.5022692299e+01
5.2800000000e+00 -1.4863131528e+01
5.3100000000e+00 -1.4714574809e+01
5.3400000000e+00 -1.4545509484e+01
5.3700000000e+00 -1.4366251613e+01
5.4000000000e+00 -1.4217140172e+01
5.4300000000e+00 -1.4082203475e+01
5.4600000000e+00 -1.3970653085e+01
5.4900000000e+00 -1.3838230057e+01
5.5200000000e+00 -1.3695870090e+01
5.5500000000e+00 -1.3587216703e+01
5.5800000000e+00 -1.3499082196e+01
5.6100000000e+00 -1.3401756959e+01
5.6400000000e+00 -1.3284753531e+01
5.6700000000e+00 -1.3196271648e+01
5.7000000000e+00 -1.3114708932e+01
5.7300000000e+00 -1.3034872429e+01
5.7600000000e+00 -1.2932092146e+01
5.7900000000e+00 -1.2844431712e+01
5.8200000000e+00 -1.2763026745e+01
5.8500000000e+00 -1.2688293722e+01
5.8800000000e+00 -1.2600017434e+01
5.9100000000e+00 -1.2524045018e+01
5.9400000000e+00 -1.2464323850e+01
5.9700000000e+00 -1.2398979235e+01
6.0000000000e+00 -1.2323192949e+01
6.0300000000e+00 -1.2237800591e+01
6.0600000000e+00 -1.2175426169e+01
6.0900000000e+00 -1.2104056452e+01
6.1200000000e+00 -1.2027757772e+01
6.1500000000e+00 -1.1935974013e+01
6.1800000000e+00 -1.1865164481e+01
6.2100000000e+00 -1.1790680573e+01
6.2400000000e+00 -1.1713225802e+01
6.2700000000e+00 -1.1615687426e+01
6.3000000000e+00 -1.1532772980e+01
6.3300000000e+00 -1.1456346507e+01
6.3600000000e+00 -1.1365078462e+01
6.3900000000e+00 -1.1260885623e+01
6.4200000000e+00 -1.1163590886e+01
6.4500000000e+00 -1.1078934191e+01
6.4800000000e+00 -1.0977250807e+01
6.5100000000e+00 -1.0867236883e+01
6.5400000000e+00 -1.0756207688e+01
6.5700000000e+00 -1.0665210774e+01
6.6000000000e+00 -1.0563062793e+01
6.6300000000e+00 -1.0452613689e+01
6.6600000000e+00 -1.0334782391e+01
6.6900000000e+00 -1.0233233568e+01
6.7200000000e+00 -1.0126550460e+01
6.7500000000e+00 -1.0011495476e+01
6.7800000000e+00 -9.8843402152e+00
6.8100000000e+00 -9.7725717691e+00
6.8400000000e+00 -9.6675625226e+00
6.8700000000e+00 -9.5498863022e+00
6.9000000000e+00 -9.4203588408e+00
6.9300000000e+00 -9.3046527101e+00
6.9600000000e+00 -9.2119384755e+00
6.9900000000e+00 -9.1009915795e+00
7.0200000000e+00 -8.9863104781e+00
7.0500000000e+00 -8.8862622947e+00
7.0800000000e+00 -8.8056237039e+00
7.1100000000e+00 -8.7240905258e+00
7.1400000000e+00 -8.6349396681e+00
7.1700000000e+00 -8.5502019546e+00
7.2000000000e+00 -8.4828484684e+00
7.2300000000e+00 -8.4280616539e+00
7.2600000000e+00 -8.3590518214e+00
7.2900000000e+00 -8.2902022610e+00
7.3200000000e+00 -8.2325251828e+00
7.3500000000e+00 -8.1876934616e+00
7.3800000000e+00 -8.1257709168e+00
7.4100000000e+00 -8.0550205688e+00
7.4400000000e+00 -7.9965029355e+00
7.4700000000e+00 -7.9558163837e+00
7.5000000000e+00 -7.8954706035e+00
7.5300000000e+00 -7.8222441268e+00
7.5600000000e+00 -7.7613610024e+00
7.5900000000e+00 -7.7188248242e+00
7.6200000000e+00 -7.6580439105e+00
7.6500000000e+00 -7.5818088751e+00
7.6800000000e+00 -7.5190211788e+00
7.7100000000e+00 -7.4692250408e+00
7.7400000000e+00 -7.4119616944e+00
7.7700000000e+00 -7.3313196278e+00
7.8000000000e+00 -7.2697261803e+00
7.8300000000e+00 -7.2150664106e+00
7.8600000000e+00 -7.1600211706e+00
7.8900000000e+00 -7.0790182288e+00
7.9200000000e+00 -7.0191005955e+00
7.9500000000e+00 -6.9700964671e+00
7.9800000000e+00 -6.9175195755e+00
8.0100000000e+00 -6.8455679084e+00
8.0400000000e+00 -6.7917899751e+00
8.0700000000e+00 -6.7575868302e+00
8.1000000000e+00 -6.7125564678e+00
8.1300000000e+00 -6.6544085224e+00
8.1600000000e+00 -6.6095878272e+00
8.1900000000e+00 -6.5888661691e+00
8.2200000000e+00 -6.5330769784e+00
8.2500000000e+00 -6.4842515042e+00
8.2800000000e+00 -6.4322437070e+00
8.3100000000e+00 -6.3551333760e+00
8.3400000000e+00 -6.2497172437e+00
8.3700000000e+00 -6.1402499635e+00
8.4000000000e+00 -6.0351914295e+00
8.4300000000e+00 -5.9536012995e+00
8.4600000000e+00 -5.8891113435e+00
8.4900000000e+00 -5.8461759592e+00
8.5200000000e+00 -5.8272156697e+00
8.5500000000e+00 -5.8339186434e+00
8.5800000000e+00 -5.8797482888e+00
8.6100000000e+00 -5.9489147372e+00
8.6400000000e+00 -6.0662320512e+00
8.6700000000e+00 -6.2126024587e+00
8.7000000000e+00 -6.4165285389e+00
8.7300000000e+00 -6.6734978269e+00
8.7600000000e+00 -6.9861095908e+00
8.7900000000e+00 -7.3494035305e+00
8.8200000000e+00 -7.7229571114e+00
8.8500000000e+00 -8.0655073177e+00
8.8800000000e+00 -8.3882491216e+00
8.9100000000e+00 -8.6164627096e+00
8.9400000000e+00 -8.8104579520e+00
8.9700000000e+00 -8.9175090349e+00
9.0000000000e+00 -8.9782727402e+00
9.0300000000e+00 -8.8868935771e+00
9.0600000000e+00 -8.6942961387e+00
9.0900000000e+00 -8.2694564168e+00
9.1200000000e+00 -7.6880367123e+00
9.1500000000e+00 -7.0963713754e+00
9.1800000000e+00 -6.5251840790e+00
9.2100000000e+00 -5.9844417783e+00
9.2400000000e+00 -5.4762718151e+00
9.2700000000e+00 -5.0063603324e+00
9.3000000000e+00 -4.5652636430e+00
9.3300000000e+00 -4.1330500051e+00
9.3600000000e+00 -3.7410570558e+00
9.3900000000e+00 -3.3852720674e+00
9.4200000000e+00 -3.0617427353e+00
9.4500000000e+00 -2.7709847705e+00
9.4800000000e+00 -2.5152198062e+00
9.5100000000e+00 -2.2931945898e+00
9.5400000000e+00 -2.1076644639e+00
9.5700000000e+00 -1.9491185210e+00
9.6000000000e+00 -1.8203842140e+00
9.6300000000e+00 -1.7248491375e+00
9.6600000000e+00 -1.6678479638e+00
9.6900000000e+00 -1.6342121730e+00
9.7200000000e+00 -1.6258190720e+00
9.7500000000e+00 -1.6520192240e+00
9.7800000000e+00 -1.7115738224e+00
9.8100000000e+00 -1.7948231480e+00
9.8400000000e+00 -1.8973317574e+00
9.8700000000e+00 -2.0358909224e+00
9.9000000000e+00 -2.1966121173e+00
9.9300000000e+00 -2.3828589387e+00
9.9600000000e+00 -2.5837813185e+00
9.9900000000e+00 -2.8086564651e+00
