6.0000000000e-03 9.0144112810e-03
1.2000000000e-02 1.8110839449e-02
1.8000000000e-02 2.7289040326e-02
2.4000000000e-02 3.6548780738e-02
3.0000000000e-02 4.5889837542e-02
3.6000000000e-02 5.5311999656e-02
4.2000000000e-02 6.4815066578e-02
4.8000000000e-02 7.4398845787e-02
5.4000000000e-02 8.4063160376e-02
6.0000000000e-02 9.3807839918e-02
6.6000000000e-02 1.0363272458e-01
7.2000000000e-02 1.1353766741e-01
7.8000000000e-02 1.2352253046e-01
8.4000000000e-02 1.3358718459e-01
9.0000000000e-02 1.4373151365e-01
9.6000000000e-02 1.5395540872e-01
1.0200000000e-01 1.6425877347e-01
1.0800000000e-01 1.7464151747e-01
1.1400000000e-01 1.8510356507e-01
1.2000000000e-01 1.9564484647e-01
1.2600000000e-01 2.0626530217e-01
1.3200000000e-01 2.1696488224e-01
1.3800000000e-01 2.2774354757e-01
1.4400000000e-01 2.3860126614e-01
1.5000000000e-01 2.4953801476e-01
1.5600000000e-01 2.6055378169e-01
1.6200000000e-01 2.7164856187e-01
1.6800000000e-01 2.8282235991e-01
1.7400000000e-01 2.9407518944e-01
1.8000000000e-01 3.0540707324e-01
1.8600000000e-01 3.1681803909e-01
1.9200000000e-01 3.2830812731e-01
1.9800000000e-01 3.3987738264e-01
2.0400000000e-01 3.5152586268e-01
2.1000000000e-01 3.6325362832e-01
2.1600000000e-01 3.7506075058e-01
2.2200000000e-01 3.8694731140e-01
2.2800000000e-01 3.9891339061e-01
2.3400000000e-01 4.1095909014e-01
2.4000000000e-01 4.2308450150e-01
2.4600000000e-01 4.3528974575e-01
2.5200000000e-01 4.4757492778e-01
2.5800000000e-01 4.5994018003e-01
2.6400000000e-01 4.7238562634e-01
2.7000000000e-01 4.8491141020e-01
2.7600000000e-01 4.9751767093e-01
2.8200000000e-01 5.1020456271e-01
2.8800000000e-01 5.2297224334e-01
2.9400000000e-01 5.3582087536e-01
3.0000000000e-01 5.4875063099e-01
3.0600000000e-01 5.6176168826e-01
3.1200000000e-01 5.7485423059e-01
3.1800000000e-01 5.8802845067e-01
3.2400000000e-01 6.0128454061e-01
3.3000000000e-01 6.1462270539e-01
3.3600000000e-01 6.2804315436e-01
3.4200000000e-01 6.4154609575e-01
3.4800000000e-01 6.5513176268e-01
3.5400000000e-01 6.6880036311e-01
3.6000000000e-01 6.8255214809e-01
3.6600000000e-01 6.9638733664e-01
3.7200000000e-01 7.1030618397e-01
3.7800000000e-01 7.2430893201e-01
3.8400000000e-01 7.3839583256e-01
3.9000000000e-01 7.5256715347e-01
3.9600000000e-01 7.6682314504e-01
4.0200000000e-01 7.8116408900e-01
4.0800000000e-01 7.9559025163e-01
4.1400000000e-01 8.1010191125e-01
4.2000000000e-01 8.2469935774e-01
4.2600000000e-01 8.3938286860e-01
4.3200000000e-01 8.5415275122e-01
4.3800000000e-01 8.6900929172e-01
4.4400000000e-01 8.8395279688e-01
4.5000000000e-01 8.9898357637e-01
4.5600000000e-01 9.1410193065e-01
4.6200000000e-01 9.2930819562e-01
4.6800000000e-01 9.4460266781e-01
4.7400000000e-01 9.5998568771e-01
4.8000000000e-01 9.7545757857e-01
4.8600000000e-01 9.9101866481e-01
4.9200000000e-01 1.0066693037e+00
4.9800000000e-01 1.0224098155e+00
5.0400000000e-01 1.0382405501e+00
5.1000000000e-01 1.0541618677e+00
5.1600000000e-01 1.0701740972e+00
5.2200000000e-01 1.0862776193e+00
5.2800000000e-01 1.1024727768e+00
5.3400000000e-01 1.1187599316e+00
5.4000000000e-01 1.1351394716e+00
5.4600000000e-01 1.1516117395e+00
5.5200000000e-01 1.1681771282e+00
5.5800000000e-01 1.1848360065e+00
5.6400000000e-01 1.2015887499e+00
5.7000000000e-01 1.2184357562e+00
5.7600000000e-01 1.2353773948e+00
5.8200000000e-01 1.2524140680e+00
5.8800000000e-01 1.2695461708e+00
5.9400000000e-01 1.2867740851e+00
6.0000000000e-01 1.3040982210e+00
6.0600000000e-01 1.3215189819e+00
6.1200000000e-01 1.3390367624e+00
6.1800000000e-01 1.3566519740e+00
6.2400000000e-01 1.3743650336e+00
6.3000000000e-01 1.3921763447e+00
6.3600000000e-01 1.4100863246e+00
6.4200000000e-01 1.4280954035e+00
6.4800000000e-01 1.4462039852e+00
6.5400000000e-01 1.4644124967e+00
6.6000000000e-01 1.4827213760e+00
6.6600000000e-01 1.5011310328e+00
6.7200000000e-01 1.5196419066e+00
6.7800000000e-01 1.5382544358e+00
6.8400000000e-01 1.5569690430e+00
6.9000000000e-01 1.5757861726e+00
6.9600000000e-01 1.5947062642e+00
7.0200000000e-01 1.6137297496e+00
7.0800000000e-01 1.6328570823e+00
7.1400000000e-01 1.6520887037e+00
7.2000000000e-01 1.6714250551e+00
7.2600000000e-01 1.6908665931e+00
7.3200000000e-01 1.7104137664e+00
7.3800000000e-01 1.7300670223e+00
7.4400000000e-01 1.7498268195e+00
7.5000000000e-01 1.7696936098e+00
7.5600000000e-01 1.7896678500e+00
7.6200000000e-01 1.8097500006e+00
7.6800000000e-01 1.8299405176e+00
7.7400000000e-01 1.8502398688e+00
7.8000000000e-01 1.8706485136e+00
7.8600000000e-01 1.8911669097e+00
7.9200000000e-01 1.9117955302e+00
7.9800000000e-01 1.9325348385e+00
8.0400000000e-01 1.9533852956e+00
8.1000000000e-01 1.9743473784e+00
8.1600000000e-01 1.9954215568e+00
8.2200000000e-01 2.0166082915e+00
8.2800000000e-01 2.0379080596e+00
8.3400000000e-01 2.0593213356e+00
8.4000000000e-01 2.0808485839e+00
8.4600000000e-01 2.1024902797e+00
8.5200000000e-01 2.1242469049e+00
8.5800000000e-01 2.1461189243e+00
8.6400000000e-01 2.1681068144e+00
8.7000000000e-01 2.1902110583e+00
8.7600000000e-01 2.2124321213e+00
8.8200000000e-01 2.2347704806e+00
8.8800000000e-01 2.2572266170e+00
8.9400000000e-01 2.2798010029e+00
9.0000000000e-01 2.3024941173e+00
9.0600000000e-01 2.3253064367e+00
9.1200000000e-01 2.3482384356e+00
9.1800000000e-01 2.3712905904e+00
9.2400000000e-01 2.3944633766e+00
9.3000000000e-01 2.4177572703e+00
9.3600000000e-01 2.4411727485e+00
9.4200000000e-01 2.4647102871e+00
9.4800000000e-01 2.4883703595e+00
9.5400000000e-01 2.5121534392e+00
9.6000000000e-01 2.5360599999e+00
9.6600000000e-01 2.5600905146e+00
9.7200000000e-01 2.5842454556e+00
9.7800000000e-01 2.6085252973e+00
9.8400000000e-01 2.6329305072e+00
9.9000000000e-01 2.6574615551e+00
9.9600000000e-01 2.6821189094e+00
