6.0000000000e-03 -7.6875827527e-03
1.2000000000e-02 -1.3203364794e-02
1.8000000000e-02 -1.7034249047e-02
2.4000000000e-02 -1.3068254555e-02
3.0000000000e-02 1.6195415927e-03
3.6000000000e-02 2.8363512689e-02
4.2000000000e-02 6.0802911361e-02
4.8000000000e-02 9.1844392069e-02
5.4000000000e-02 1.2458265741e-01
6.0000000000e-02 1.8044392268e-01
6.6000000000e-02 2.3015586732e-01
7.2000000000e-02 2.5738867920e-01
7.8000000000e-02 2.6379114610e-01
8.4000000000e-02 3.2345925191e-01
9.0000000000e-02 4.1526010156e-01
9.6000000000e-02 4.7101380082e-01
1.0200000000e-01 4.6672267590e-01
1.0800000000e-01 6.0921646834e-01
1.1400000000e-01 7.5842393946e-01
1.2000000000e-01 8.7102028924e-01
1.2600000000e-01 8.6764668177e-01
1.3200000000e-01 8.0909308790e-01
1.3800000000e-01 8.7083868422e-01
1.4400000000e-01 9.6940483992e-01
1.5000000000e-01 1.2216756018e+00
1.5600000000e-01 1.4064474153e+00
1.6200000000e-01 1.4551073385e+00
1.6800000000e-01 1.3016934062e+00
1.7400000000e-01 1.3051795636e+00
1.8000000000e-01 1.6794308117e+00
1.8600000000e-01 1.8424853973e+00
1.9200000000e-01 1.7955220398e+00
1.9800000000e-01 1.8609864569e+00
2.0400000000e-01 1.9423523292e+00
2.1000000000e-01 2.1974734768e+00
2.1600000000e-01 2.2636318463e+00
2.2200000000e-01 2.1813718407e+00
2.2800000000e-01 2.2806370453e+00
2.3400000000e-01 2.6376274345e+00
2.4000000000e-01 2.9131446642e+00
2.4600000000e-01 2.6691720946e+00
2.5200000000e-01 2.6652233759e+00
2.5800000000e-01 3.0458279729e+00
2.6400000000e-01 3.2592914008e+00
2.7000000000e-01 3.2058192025e+00
2.7600000000e-01 3.1877331505e+00
2.8200000000e-01 3.5398013431e+00
2.8800000000e-01 3.7679962549e+00
2.9400000000e-01 3.5605573674e+00
3.0000000000e-01 3.6271623796e+00
3.0600000000e-01 4.1463509140e+00
3.1200000000e-01 4.2244546109e+00
3.1800000000e-01 4.1283046073e+00
3.2400000000e-01 4.2675198210e+00
3.3000000000e-01 4.6207193017e+00
3.3600000000e-01 4.7746020741e+00
3.4200000000e-01 4.6256621454e+00
3.4800000000e-01 4.8029967597e+00
3.5400000000e-01 5.2475111622e+00
3.6000000000e-01 5.1957861811e+00
3.6600000000e-01 4.9964814324e+00
3.7200000000e-01 5.7063218451e+00
3.7800000000e-01 5.7699482406e+00
3.8400000000e-01 5.4158104137e+00
3.9000000000e-01 5.9389144381e+00
3.9600000000e-01 6.2770486133e+00
4.0200000000e-01 5.8936506082e+00
4.0800000000e-01 6.2023310743e+00
4.1400000000e-01 6.6838799715e+00
4.2000000000e-01 6.6643222060e+00
4.2600000000e-01 6.5188535215e+00
4.3200000000e-01 6.9441606828e+00
4.3800000000e-01 7.1522084272e+00
4.4400000000e-01 6.9566216428e+00
4.5000000000e-01 7.1840351523e+00
4.5600000000e-01 7.7685863058e+00
4.6200000000e-01 7.5415088415e+00
4.6800000000e-01 7.5518992923e+00
4.7400000000e-01 8.2325540898e+00
4.8000000000e-01 8.0177891135e+00
4.8600000000e-01 7.8283700356e+00
4.9200000000e-01 8.4174020321e+00
4.9800000000e-01 8.5119635777e+00
5.0400000000e-01 8.4875938787e+00
5.1000000000e-01 8.9224023718e+00
5.1600000000e-01 9.2025335654e+00
5.2200000000e-01 9.0403695765e+00
5.2800000000e-01 9.2696943452e+00
5.3400000000e-01 9.5402564020e+00
5.4000000000e-01 9.0819633504e+00
5.4600000000e-01 9.7544284518e+00
5.5200000000e-01 1.0001210872e+01
5.5800000000e-01 9.7886856933e+00
5.6400000000e-01 1.0267180914e+01
5.7000000000e-01 1.0412351964e+01
5.7600000000e-01 1.0293512630e+01
5.8200000000e-01 1.0608204928e+01
5.8800000000e-01 1.0988189458e+01
5.9400000000e-01 1.0939777572e+01
6.0000000000e-01 1.0922939060e+01
6.0600000000e-01 1.1528208404e+01
6.1200000000e-01 1.1238591706e+01
6.1800000000e-01 1.1679987555e+01
6.2400000000e-01 1.1924131212e+01
6.3000000000e-01 1.1664189431e+01
6.3600000000e-01 1.2172805827e+01
6.4200000000e-01 1.2160138286e+01
6.4800000000e-01 1.2205379614e+01
6.5400000000e-01 1.2653525801e+01
6.6000000000e-01 1.2887628251e+01
6.6600000000e-01 1.2799874584e+01
6.7200000000e-01 1.3100043541e+01
6.7800000000e-01 1.3469165774e+01
6.8400000000e-01 1.3176488228e+01
6.9000000000e-01 1.3610925704e+01
6.9600000000e-01 1.3890473376e+01
7.0200000000e-01 1.3563943372e+01
7.0800000000e-01 1.4432278999e+01
7.1400000000e-01 1.4244858463e+01
7.2000000000e-01 1.4203594772e+01
7.2600000000e-01 1.4738026559e+01
7.3200000000e-01 1.4791236968e+01
7.3800000000e-01 1.4701321399e+01
7.4400000000e-01 1.5287690333e+01
7.5000000000e-01 1.5171609592e+01
7.5600000000e-01 1.5212634888e+01
7.6200000000e-01 1.5849481083e+01
7.6800000000e-01 1.5449274704e+01
7.7400000000e-01 1.6079933917e+01
7.8000000000e-01 1.6024189030e+01
7.8600000000e-01 1.6093039493e+01
7.9200000000e-01 1.6443716729e+01
7.9800000000e-01 1.6436877899e+01
8.0400000000e-01 1.6605319426e+01
8.1000000000e-01 1.6833060095e+01
8.1600000000e-01 1.7094072098e+01
8.2200000000e-01 1.7147691934e+01
8.2800000000e-01 1.7637866206e+01
8.3400000000e-01 1.7423400139e+01
8.4000000000e-01 1.7712031901e+01
8.4600000000e-01 1.7981260526e+01
8.5200000000e-01 1.7838826958e+01
8.5800000000e-01 1.8483222621e+01
8.6400000000e-01 1.8432218114e+01
8.7000000000e-01 1.8598999441e+01
8.7600000000e-01 1.8825720959e+01
8.8200000000e-01 1.9189724114e+01
8.8800000000e-01 1.8909016172e+01
8.9400000000e-01 1.9608029675e+01
9.0000000000e-01 1.9470622363e+01
9.0600000000e-01 1.9649618379e+01
9.1200000000e-01 2.0189924208e+01
9.1800000000e-01 1.9728677756e+01
9.2400000000e-01 2.0610436314e+01
9.3000000000e-01 2.0320800422e+01
9.3600000000e-01 2.0761671027e+01
9.4200000000e-01 2.0714175285e+01
9.4800000000e-01 2.1233906066e+01
9.5400000000e-01 2.1066924294e+01
9.6000000000e-01 2.1561292081e+01
9.6600000000e-01 2.1652541690e+01
9.7200000000e-01 2.1678322501e+01
9.7800000000e-01 2.2253542012e+01
9.8400000000e-01 2.1798435811e+01
9.9000000000e-01 2.2717360723e+01
9.9600000000e-01 2.2312685321e+01
