6.0000000000e-03 2.4405030911e+02
1.2000000000e-02 2.4402130010e+02
1.8000000000e-02 2.4399207781e+02
2.4000000000e-02 2.4396264122e+02
3.0000000000e-02 2.4393298930e+02
3.6000000000e-02 2.4390312101e+02
4.2000000000e-02 2.4387303531e+02
4.8000000000e-02 2.4384273114e+02
5.4000000000e-02 2.4381220745e+02
6.0000000000e-02 2.4378146317e+02
6.6000000000e-02 2.4375049723e+02
7.2000000000e-02 2.4371930854e+02
7.8000000000e-02 2.4368789601e+02
8.4000000000e-02 2.4365625856e+02
9.0000000000e-02 2.4362439507e+02
9.6000000000e-02 2.4359230444e+02
1.0200000000e-01 2.4355998555e+02
1.0800000000e-01 2.4352743727e+02
1.1400000000e-01 2.4349465846e+02
1.2000000000e-01 2.4346164799e+02
1.2600000000e-01 2.4342840471e+02
1.3200000000e-01 2.4339492745e+02
1.3800000000e-01 2.4336121506e+02
1.4400000000e-01 2.4332726637e+02
1.5000000000e-01 2.4329308018e+02
1.5600000000e-01 2.4325865533e+02
1.6200000000e-01 2.4322399060e+02
1.6800000000e-01 2.4318908480e+02
1.7400000000e-01 2.4315393671e+02
1.8000000000e-01 2.4311854511e+02
1.8600000000e-01 2.4308290879e+02
1.9200000000e-01 2.4304702649e+02
1.9800000000e-01 2.4301089699e+02
2.0400000000e-01 2.4297451902e+02
2.1000000000e-01 2.4293789133e+02
2.1600000000e-01 2.4290101265e+02
2.2200000000e-01 2.4286388171e+02
2.2800000000e-01 2.4282649721e+02
2.3400000000e-01 2.4278885788e+02
2.4000000000e-01 2.4275096240e+02
2.4600000000e-01 2.4271280947e+02
2.5200000000e-01 2.4267439777e+02
2.5800000000e-01 2.4263572598e+02
2.6400000000e-01 2.4259679276e+02
2.7000000000e-01 2.4255759678e+02
2.7600000000e-01 2.4251813667e+02
2.8200000000e-01 2.4247841109e+02
2.8800000000e-01 2.4243841866e+02
2.9400000000e-01 2.4239815800e+02
3.0000000000e-01 2.4235762775e+02
3.0600000000e-01 2.4231682649e+02
3.1200000000e-01 2.4227575283e+02
3.1800000000e-01 2.4223440536e+02
3.2400000000e-01 2.4219278266e+02
3.3000000000e-01 2.4215088330e+02
3.3600000000e-01 2.4210870585e+02
3.4200000000e-01 2.4206624886e+02
3.4800000000e-01 2.4202351087e+02
3.5400000000e-01 2.4198049043e+02
3.6000000000e-01 2.4193718606e+02
3.6600000000e-01 2.4189359629e+02
3.7200000000e-01 2.4184971961e+02
3.7800000000e-01 2.4180555454e+02
3.8400000000e-01 2.4176109957e+02
3.9000000000e-01 2.4171635318e+02
3.9600000000e-01 2.4167131384e+02
4.0200000000e-01 2.4162598002e+02
4.0800000000e-01 2.4158035018e+02
4.1400000000e-01 2.4153442277e+02
4.2000000000e-01 2.4148819621e+02
4.2600000000e-01 2.4144166895e+02
4.3200000000e-01 2.4139483940e+02
4.3800000000e-01 2.4134770598e+02
4.4400000000e-01 2.4130026707e+02
4.5000000000e-01 2.4125252109e+02
4.5600000000e-01 2.4120446640e+02
4.6200000000e-01 2.4115610138e+02
4.6800000000e-01 2.4110742440e+02
4.7400000000e-01 2.4105843381e+02
4.8000000000e-01 2.4100912796e+02
4.8600000000e-01 2.4095950518e+02
4.9200000000e-01 2.4090956379e+02
4.9800000000e-01 2.4085930212e+02
5.0400000000e-01 2.4080871847e+02
5.1000000000e-01 2.4075781114e+02
5.1600000000e-01 2.4070657842e+02
5.2200000000e-01 2.4065501858e+02
5.2800000000e-01 2.4060312990e+02
5.3400000000e-01 2.4055091063e+02
5.4000000000e-01 2.4049835902e+02
5.4600000000e-01 2.4044547332e+02
5.5200000000e-01 2.4039225175e+02
5.5800000000e-01 2.4033869252e+02
5.6400000000e-01 2.4028479387e+02
5.7000000000e-01 2.4023055397e+02
5.7600000000e-01 2.4017597103e+02
5.8200000000e-01 2.4012104322e+02
5.8800000000e-01 2.4006576871e+02
5.9400000000e-01 2.4001014567e+02
6.0000000000e-01 2.3995417225e+02
6.0600000000e-01 2.3989784659e+02
6.1200000000e-01 2.3984116681e+02
6.1800000000e-01 2.3978413104e+02
6.2400000000e-01 2.3972673740e+02
6.3000000000e-01 2.3966898397e+02
6.3600000000e-01 2.3961086886e+02
6.4200000000e-01 2.3955239014e+02
6.4800000000e-01 2.3949354588e+02
6.5400000000e-01 2.3943433414e+02
6.6000000000e-01 2.3937475298e+02
6.6600000000e-01 2.3931480043e+02
6.7200000000e-01 2.3925447453e+02
6.7800000000e-01 2.3919377329e+02
6.8400000000e-01 2.3913269472e+02
6.9000000000e-01 2.3907123682e+02
6.9600000000e-01 2.3900939759e+02
7.0200000000e-01 2.3894717499e+02
7.0800000000e-01 2.3888456700e+02
7.1400000000e-01 2.3882157158e+02
7.2000000000e-01 2.3875818668e+02
7.2600000000e-01 2.3869441022e+02
7.3200000000e-01 2.3863024014e+02
7.3800000000e-01 2.3856567436e+02
7.4400000000e-01 2.3850071077e+02
7.5000000000e-01 2.3843534729e+02
7.5600000000e-01 2.3836958179e+02
7.6200000000e-01 2.3830341214e+02
7.6800000000e-01 2.3823683622e+02
7.7400000000e-01 2.3816985187e+02
7.8000000000e-01 2.3810245695e+02
7.8600000000e-01 2.3803464928e+02
7.9200000000e-01 2.3796642669e+02
7.9800000000e-01 2.3789778699e+02
8.0400000000e-01 2.3782872798e+02
8.1000000000e-01 2.3775924745e+02
8.1600000000e-01 2.3768934319e+02
8.2200000000e-01 2.3761901297e+02
8.2800000000e-01 2.3754825454e+02
8.3400000000e-01 2.3747706566e+02
8.4000000000e-01 2.3740544406e+02
8.4600000000e-01 2.3733338747e+02
8.5200000000e-01 2.3726089362e+02
8.5800000000e-01 2.3718796021e+02
8.6400000000e-01 2.3711458494e+02
8.7000000000e-01 2.3704076550e+02
8.7600000000e-01 2.3696649955e+02
8.8200000000e-01 2.3689178478e+02
8.8800000000e-01 2.3681661883e+02
8.9400000000e-01 2.3674099935e+02
9.0000000000e-01 2.3666492397e+02
9.0600000000e-01 2.3658839032e+02
9.1200000000e-01 2.3651139601e+02
9.1800000000e-01 2.3643393866e+02
9.2400000000e-01 2.3635601584e+02
9.3000000000e-01 2.3627762514e+02
9.3600000000e-01 2.3619876414e+02
9.4200000000e-01 2.3611943040e+02
9.4800000000e-01 2.3603962147e+02
9.5400000000e-01 2.3595933490e+02
9.6000000000e-01 2.3587856820e+02
9.6600000000e-01 2.3579731891e+02
9.7200000000e-01 2.3571558454e+02
9.7800000000e-01 2.3563336259e+02
9.8400000000e-01 2.3555065054e+02
9.9000000000e-01 2.3546744589e+02
9.9600000000e-01 2.3538374609e+02
